time,x,y,z,phi,theta,psi,x_velocity,y_velocity,z_velocity,phi_velocity,theta_velocity,psi_velocity,rotor_speed1,rotor_speed2,rotor_speed3,rotor_speed4
0.02,0.0,0.0,10.000641618985096,2.0396688261037355e-05,2.0605796793304876e-06,0.0,0.0,0.0,0.06416189850959719,0.006386969275168286,0.0020300638806462967,0.0,464.58491031740704,465.0620898641537,465.0523425743524,466.5504888380255
0.04,-5.407679355125776e-09,5.3528019859286295e-08,10.002587205534553,0.0001496447976547799,4.681349275603708e-05,0.0,-5.407679355125776e-07,5.352801985928629e-06,0.13039675643615728,0.008124049521115317,0.004911603560650351,0.0,467.0920522737827,467.76556109283024,466.7020895885789,467.10847606754055
0.06,-1.318397468368899e-07,5.301663708025131e-07,10.00570287108599,0.00032448473484514295,0.00018401413381852194,0.0,-1.2102438812663835e-05,4.231103310839405e-05,0.1811697987076157,0.013095758838433535,-0.00391659782466215,0.0,453.1740146917694,451.0404162807122,453.7108133940667,454.90638458512285
0.08,-8.90130806005754e-07,2.2867124036217644e-06,10.010169715952395,0.0005941972278185048,0.00011024957259397894,0.0,-6.372666710422256e-05,0.00013334357017353107,0.2655146879329524,0.00914675486148589,-0.0008942162243119377,0.0,482.4877816699272,483.171801025338,483.70560566266437,482.8126353519497
0.1,-2.4179482923113825e-06,6.3186750257397635e-06,10.015815380006249,0.0007800035328822119,9.237014682472733e-05,0.0,-8.905508152634028e-05,0.0002698526920382689,0.29905171745227327,0.011543088658642519,-0.0009931982088491368,0.0,437.855165394023,437.83048487070045,436.1851128517832,436.7848472295876
0.12000000000000001,-4.415705270894676e-06,1.3545236681315327e-05,10.022179926103236,0.0011384327569414765,7.331270573285309e-05,0.0,-0.00011072061633198908,0.00045280347351928747,0.3374028922466397,-0.0044298541439057385,0.0002768593373513753,0.0,442.4191041779213,442.7326745356884,442.87354139018254,438.91502305762583
0.14,-6.768081037336958e-06,2.47436636583355e-05,10.028847831241567,0.0010664253916390365,8.247552095674848e-05,0.0,-0.00012451696031223918,0.00066703922418273,0.3293876215865289,0.0013303051551475133,-0.002415956466458969,0.0,396.2979627688789,395.5548291662453,394.71685042097477,396.3082046779742
0.16,-9.436010127936534e-06,4.038072030729539e-05,10.035626825486458,0.0010933133065069711,6.758451608490645e-05,0.0,-0.0001422759487477185,0.000896666440713259,0.3485118029026594,0.0020810538016302702,-0.010592523528161995,0.0,424.21175694320664,422.1005530568501,423.29016901721155,423.4838834687252
0.18,-1.2454342293480745e-05,6.110964171429966e-05,10.043192052902489,0.0011356710583410035,6.283048834407248,0.0,-0.00015955726780670268,0.0011762256999871688,0.4080109387003506,0.0032948707573582877,-0.006644566552562971,0.0,460.9064682366262,461.84154842343276,460.9718488740223,461.25942092979204
0.19999999999999998,-1.5307740793488673e-05,8.74447468873732e-05,10.051865101190758,0.0012076978214752287,6.282957288772227,0.0,-0.0001257825821940901,0.0014572848173201845,0.45929389012659766,-0.00020637130426361507,-0.015738047297524645,0.0,454.7447301398001,452.55465121695175,454.4096298330623,453.56691097611514
0.21999999999999997,-1.7254447824960374e-05,0.00011960385101235329,10.061584147841868,0.0012096966883694549,6.282654110513041,0.0,-6.888812095307994e-05,0.0017586255951778243,0.5126107749844494,0.0032939980989935757,-0.010925005273055042,0.0,454.3603254517274,455.5163803512465,456.08229574980754,456.9201092686588
0.23999999999999996,-1.732215611959481e-05,0.00015775974973528828,10.072340594117177,0.0012755827153902999,6.282443696844442,0.0,6.211729148963666e-05,0.002056964277115675,0.5630338525464829,0.003183861448451532,-0.006903454114093213,0.0,452.76444102275036,453.7340303103206,453.0052101670795,452.9785795714296
0.25999999999999995,-1.4217195032176876e-05,0.00020210275746839122,10.084150851551408,0.001358121563090009,6.282309546385786,0.0,0.0002483788172521567,0.0023773364961946204,0.6179918908767204,-0.002958063124694169,-0.004103945719770449,0.0,457.44362879419225,458.1119336351146,457.58168883198925,456.1126674652251
0.27999999999999997,-6.816498532957569e-06,0.00025342273495499405,10.09732697961858,0.001305895575443472,6.282233939464916,0.0,0.0004916908326697739,0.0027546612524656667,0.6996209158404948,-0.006682381813423331,-0.007701721011961163,0.0,481.50789753955667,480.69087537103377,481.3418255588769,480.495727534833
0.3,5.21105730797984e-06,0.0003115271808301351,10.111663274787773,0.0011890202088018498,6.282083511396269,0.0,0.0007110647514239671,0.00305578333504844,0.7340086010787369,-0.0008906170345053376,-0.005016073382920114,0.0,438.91577554400146,439.58395309114934,436.77306510819943,438.21966632038095
0.32,2.2243117341434804e-05,0.0003756761053334042,10.126932520217196,0.0013324251655708608,6.281983409393044,0.0,0.0009921412519215292,0.003359109115278475,0.7929159418635026,0.01706584684118155,-0.005678590451704105,0.0,461.19331601205465,461.03641786586485,458.93361379556166,463.18905416307143
0.34,4.478478558227952e-05,0.00044585020188887814,10.143074320778718,0.001682340209567812,6.281869857129804,0.0,0.0012620255721629424,0.003658300540268922,0.8212641142887597,0.012919014996584217,-0.00587630637631457,0.0,432.5497505815825,432.49989931196546,433.48055972855815,432.43395146327555
0.36000000000000004,7.350735396336472e-05,0.0005234694169798177,10.160184644015297,0.001943866170831754,6.281755779019516,0.0,0.0016102312659455778,0.004103620968825028,0.8897682093691512,0.010410764079157909,-0.008502336550734027,0.0,470.76713915417815,470.15734254118337,469.3998070227933,468.8154527541849
0.38000000000000006,0.0001098763823750097,0.000611204541452667,10.178931132280908,0.002165213622061124,6.281586546118405,0.0,0.0020266715752189184,0.0046698914784598965,0.9848806171918534,0.015535638642719793,-0.007226538837707224,0.0,493.50267337359054,493.7851916653688,491.5328243878958,492.6706078980323
0.4000000000000001,0.00015457933886421928,0.0007102491517707271,10.19927470942976,0.0024786850780440517,6.281458434626323,0.0,0.002443624073702038,0.005234569553346123,1.049477097693285,0.013186731182506066,-0.0014960441518381854,0.0,465.5385035134709,466.88168380530055,467.2170091111954,466.667243684969
0.4200000000000001,0.00020870239065536714,0.0008224769615093124,10.221342748352296,0.002748306583160165,6.281445705457081,0.0,0.002968681105412747,0.005988211420512415,1.1573267945603414,0.01661802291197066,0.004367694211318337,0.0,503.1215434569345,504.39343722253835,503.38992268168084,504.13403292589174
0.4400000000000001,0.0002721322824943418,0.0009486494366604727,10.244858998669017,0.003097621238025816,6.281534913824345,0.0,0.0033743080784847143,0.0066290360946036206,1.1942982371116904,0.02244111429470364,0.002441826594979322,0.0,441.5469538506253,441.0700275510478,441.2018775532037,442.64159202918745
0.46000000000000013,0.00034281743827351067,0.0010872343097492513,10.268721280004344,0.0035505319991946394,6.281590814737466,0.0,0.003694207499432177,0.0072294512142742455,1.1919298964209695,0.025300651066551518,-0.0013169980145826049,0.0,403.6319518791371,402.61304619860493,402.41293919218896,403.1887406746258
0.48000000000000015,0.00042100699502427795,0.0012414103511491563,10.29329804154078,0.00405654503657793,6.281565646675293,0.0,0.004124748175644553,0.008188152925716246,1.2657462572225755,0.02529498502129924,0.0002139481755290074,0.0,474.8860352593207,475.2381930012016,475.1687688606214,475.1675313201256
0.5000000000000001,0.0005075638567573744,0.001415346667603127,10.319158825969266,0.004562791813182088,6.281605657003368,0.0,0.0045309379976650995,0.009205478719680835,1.3203321856260672,0.026128143083060405,0.008667511277929661,0.0,457.3054765855033,459.3209243385166,457.8633960153421,458.06227486367186
0.5200000000000001,0.0006019301925887833,0.0016102810348018373,10.345975868796229,0.005086136510853656,6.281780502259682,0.0,0.004905695585475794,0.0102879580001902,1.3613720970702754,0.024877674362450797,0.006938331845771029,0.0,446.2147935144748,445.79103010999785,445.75935109070883,445.4528537652603
0.5400000000000001,0.0007029017920025242,0.001826386578829659,10.373275535683126,0.0056936852345925715,6.28193025653324,0.0,0.005191464355898298,0.01132259640259198,1.368594591619302,0.039709750177407334,0.0022505527034455686,0.0,413.3276634097143,412.0863996458426,411.662830221409,415.5813000440925
0.5600000000000002,0.0008094529215548994,0.002065186583231502,10.400854145758977,0.006505348480782658,6.281989317025365,0.0,0.005463648599339223,0.012557404037592316,1.3892664159657993,0.0456204595497577,-0.003050284599525297,0.0,427.24162918748226,425.8836990295025,425.695860181867,427.2112319491617
0.5800000000000002,0.0009213210640364913,0.002330450765231814,10.428847374422558,0.007421735219400816,6.281930794818518,0.0,0.005723165648819967,0.013969014162438918,1.4100564503922737,0.042799981709809004,-0.005278954670821581,0.0,428.12904962372534,427.55991515001665,425.87342579602847,425.15045279419206
0.6000000000000002,0.0010395997015079678,0.0026324027723703862,10.45812775511548,0.008298353339447395,6.281874846438562,0.0,0.006104698098327677,0.01622618655141829,1.5179816189000204,0.03637837975229073,0.004684048235975791,0.0,503.79219679325075,505.9485770513501,504.93085721538614,503.5400555194777
0.6200000000000002,0.001165261583816369,0.002979520131139133,10.48924799612546,0.009059481152211113,6.281992762874722,0.0,0.006461490132512449,0.01848554932545637,1.5940424820979722,0.028185673518311603,0.011646155882539748,0.0,476.2543217379838,477.8489232284012,479.5683599310991,477.6984991875945
0.6400000000000002,0.0012980476520206585,0.0033762474937901123,10.522148883062453,0.00966405446799623,6.282243018982255,0.0,0.006817116687916493,0.021187186939641587,1.6960462116012676,0.019145779114208186,0.017533938127354765,0.0,499.7859355050437,501.0714080590219,500.77364058694286,498.79733167166876
0.6600000000000003,0.0014367184606607138,0.0038238727149655085,10.556578907036354,0.010050144959762974,6.282594878426023,0.0,0.007049964176089055,0.02357533517789802,1.7469561857887295,0.0166258944016681,0.01599726560437132,0.0,455.21150243297905,454.84240050161964,457.1699409940808,456.5671909274029
0.6800000000000003,0.001578944019598871,0.004316255061725125,10.591633125510725,0.01038406280952131,6.282926837775438,0.0,0.007172591717726659,0.025662899498063614,1.7584656616483034,0.014952597222329075,0.011095421598501907,0.0,419.2867018358814,418.0071720032048,418.85962308256853,418.42279497040687
0.7000000000000003,0.001723013881989357,0.004854349930852011,10.627232203282944,0.010733470108816867,6.283160231455437,0.0,0.007234394521321957,0.028146587414624964,1.8014421155735711,0.024988069792045334,0.01588817613593982,0.0,448.84502754451836,450.0101949327978,447.0528356280309,449.4989875803702
0.7200000000000003,0.001867764205494219,0.005444104449720399,10.66379796623944,0.011239425130876946,0.0002988797159240164,0.0,0.007240637829164241,0.03082886447221387,1.8551341800758567,0.028507622666721855,0.012369108829463439,0.0,459.3747191548189,458.53676511140054,458.2477316027485,459.08630493251474
0.7400000000000003,0.0020119128170796546,0.006085645764510177,10.701159708493456,0.011810975374265453,0.0005589175614604258,0.0,0.007174223329379305,0.03332526700676396,1.8810400453258032,0.026835623830450163,0.00733807137235985,0.0,433.80156123475996,432.5322832941819,433.2054937715033,432.7837852673116
0.7600000000000003,0.002154180665096309,0.006777852939341594,10.73899455281026,0.012347789376796037,0.0007091631466931148,0.0,0.007052561472286148,0.035895450476377724,1.902444386354535,0.02638501108860463,0.009977828097990749,0.0,428.69564519446027,429.36787681467126,428.68654278926755,428.57185604609765
0.7800000000000004,0.0022936871954325954,0.007522650986446493,10.77725902576712,0.012880641614640531,0.0009169540040891988,0.0,0.006898091561342489,0.03858435423411218,1.92400290933163,0.023175021657831148,0.0059196769337573904,0.0,429.9748358356887,428.94213647938466,429.0676339890654,428.2495162425387
0.8000000000000004,0.0024292330987987737,0.008328268554178793,10.816411227905249,0.01334414328835365,0.0010357441449251326,0.0,0.006656498775275339,0.04197740253911779,1.991217304481145,0.023125210886770203,0.005029056744215866,0.0,472.3086046827133,472.1024047536838,470.4242037326587,470.412647985097
0.8200000000000004,0.002560196862394693,0.00919571895753771,10.856364511150502,0.013807317312299006,0.0011383781289620032,0.0,0.006439877584316586,0.0447676377967738,2.0041110200442804,0.021967794617793125,0.003002804463487947,0.0,421.29646651111557,420.77048572253426,420.94851404490066,420.6480295610605
0.8400000000000004,0.0026865669328234422,0.010120508063046998,10.896616629744761,0.014250691687492711,0.0011994932938357294,0.0,0.006197129458558372,0.047711272754155126,2.021100839381692,0.01913284035447967,0.00445819142504613,0.0,425.11297239888455,425.48685355713786,425.0544854223235,424.32507781352325
0.8600000000000004,0.0028076102956273224,0.01110917127733964,10.937493163460019,0.014645496700283367,0.0012898186805072598,0.0,0.005907206821829677,0.0511550486751091,2.066552532144006,0.014203701342210325,0.0029340141579272724,0.0,451.8566430863402,451.4878129384581,453.02962992312575,451.8390690827661
0.8800000000000004,0.002922218135328058,0.012172418638286464,10.979603362621807,0.01493049271640956,0.0014026578708339343,0.0,0.005553577148243876,0.05516968741957326,2.1444673840348356,0.01556163306523586,0.013341598620068989,0.0,479.6312866088369,481.99653408187504,481.3375920735265,481.6456438402919
0.9000000000000005,0.0030302065912661863,0.013308622920908607,11.0227282606354,0.015311853843612333,0.0016875068733979148,0.0,0.005245268445568961,0.058450740842641,2.168022417324424,0.02740464500461471,0.01934443630943997,0.0,431.2033926490896,432.72184711019963,430.3929073058461,433.3892942794734
0.9200000000000005,0.00313121842058986,0.014512958844426967,11.066433498078656,0.015860458389470367,0.0021094758530821878,0.0,0.004855914486798429,0.06198285150919506,2.2025013270010665,0.026393066272699696,0.027720623209872577,0.0,441.2773319192045,443.34667052180265,442.646911228785,442.3973006793008
0.9400000000000005,0.003223501746363655,0.01578896045618191,11.110813061668381,0.016389295255912373,0.0026639110370583197,0.0,0.004372418090581082,0.06561730966629928,2.2354550319713042,0.024996254912729037,0.027933788774244996,0.0,440.2219551109638,440.27506817907295,442.1697751426836,441.8245902977997
0.9600000000000005,0.0033042783717931036,0.017142344791215954,11.156064128907566,0.01689835203953205,0.003222587008239408,0.0,0.0037052444523637718,0.0697211238371051,2.289651691947128,0.020722688400967946,0.027953572410377197,0.0,460.65300186465583,460.65786726110275,461.5503738864019,460.5375424811127
0.9800000000000005,0.003369884959146754,0.018581320492631934,11.202531710859093,0.017313828712999246,0.003781918345883817,0.0,0.0028554142830012185,0.07417644630449259,2.357106503205595,0.019292369941197793,0.028674529326223056,0.0,473.4108008538415,473.57733733594716,472.4285505109031,472.0975530944273
1.0000000000000004,0.003418745298674835,0.02010259903174491,11.249892228231296,0.017700159067764787,0.004360047550592938,0.0,0.002030619669806861,0.07795140760680516,2.3789452340147914,0.018309561779572846,0.025628673720906988,0.0,431.6679731081616,430.89648062885425,431.22868792960844,430.9795332973148
1.0200000000000005,0.0034510980387220374,0.021695147721163866,11.297403060521788,0.01806779205374287,0.004875283122492746,0.0,0.0012046543349134363,0.08130346133509046,2.372137995034232,0.016611474392934214,0.027936095434121063,0.0,402.1223295447851,402.7490897369558,403.2366318805341,402.7761584463921
1.0400000000000005,0.003462759031111392,0.023367278024132864,11.345433258494612,0.01849373997323056,0.005434702318804163,0.0,-3.855509597796929e-05,0.08590956896180961,2.430881802248191,0.0029207160772928512,0.02911701679390246,0.0,466.2474558977403,466.5243124952937,466.21902894486385,462.9988635922827
1.0600000000000005,0.003448884523883355,0.025130045770438984,11.394499376931993,0.018564420701114415,0.006019823146309555,0.0,-0.0013488956268257223,0.09036720566880224,2.475730041489796,-0.0020323448627629637,0.02675884308235583,0.0,452.55055031518145,451.98099879361587,454.67045348397886,453.47839872088787
1.0800000000000005,0.0034081143327324426,0.026979909249646532,11.444342561365877,0.018523851122234092,0.006555566566770921,0.0,-0.002728123488265498,0.09461914225195293,2.5085884018987046,-0.0016391060680934857,0.027823323062445685,0.0,442.85938039305165,443.12212973146796,441.42816794629556,441.5255482799788
1.1000000000000005,0.003336016752064739,0.028921824112097077,11.49522654591016,0.018491102025041783,0.007121101707540767,0.0,-0.004481634578504839,0.0995723439931017,2.5798100525296577,-0.0013821073527045622,0.023564525222425713,0.0,477.1018655086085,476.1255623591811,477.5473416834656,477.6061822898864
1.1200000000000006,0.003231958425477236,0.030950712371065867,11.546886003347819,0.0184693118967596,0.007602983375282868,0.0,-0.005924198080245428,0.10331648190377743,2.586135691236123,-0.004803223770472469,0.02816695138561044,0.0,416.19074769954926,417.39755845655503,417.7536529980399,416.8577985064416
1.1400000000000006,0.0030925829405051473,0.03306777227501813,11.599393889884986,0.01851232690463167,0.008320568094964287,0.0,-0.00801335041696347,0.10838950849144893,2.6646529624807442,-0.021481322180169907,0.04573087418030369,0.0,483.2618558723128,487.2174176027366,484.13943100603643,480.3602964127759
1.1600000000000006,0.00291048757194566,0.03528410648240725,11.65334775255338,0.018082705215575423,0.009257193321682955,0.0,-0.010196186438985287,0.11324391224746265,2.730733304358567,-0.021383807591084006,0.0523652909764891,0.0,472.0462110770705,473.58065844459543,473.7639865721349,473.78650624266277
1.1800000000000006,0.0026895380365714178,0.0375822192680828,11.707839152355044,0.017692047216114837,0.01032336237955267,0.0,-0.011898767098438939,0.11656736632009243,2.718406675807873,-0.02998824276852613,0.05850747924121595,0.0,398.7616139505891,400.4434710856468,399.25063257353776,396.88840603408664
1.2000000000000006,0.002426235197647864,0.03995694560643244,11.762698116396571,0.017092488694987473,0.011632250191703442,0.0,-0.014431516793916441,0.1209052675148718,2.7674897283448003,-0.02934584998652617,0.07516510376134969,0.0,455.7037382879619,459.68318119250193,458.9710151060739,459.12368674119614
1.2200000000000006,0.0021084663951463356,0.042417836678364865,11.81859028260017,0.016507687487895772,0.01314246176913958,0.0,-0.0173453634562364,0.12518383967837113,2.8217268920150853,-0.03140293172466604,0.07888249591423324,0.0,463.24869248164964,464.1289588612497,463.0845335824052,462.59862764701006
1.2400000000000007,0.0017240442896554427,0.04496859938864623,11.875916609437265,0.015879638072424207,0.014720119019358435,0.0,-0.021096847092852884,0.12989243134976544,2.9109057916945638,-0.03126714496955466,0.07900359037431216,0.0,493.89431605765844,493.9254018024852,493.8685084413211,493.8983143196148
1.2600000000000007,0.0012653629990980152,0.04760604840860154,11.934668284844001,0.015254331599005688,0.01630080786536059,0.0,-0.024771281962889868,0.13385247064576536,2.9642617489790064,-0.03153705596580401,0.07789270017630548,0.0,462.64815163731697,462.39040778988215,463.9083082534754,463.8444270464829
1.2800000000000007,0.0007359833307258299,0.0503148303198741,11.994073906003106,0.014666044958151048,0.017902822238691662,0.0,-0.028166684874328652,0.13702572048149037,2.976300366931454,-0.04075166159610829,0.08729061162566944,0.0,423.84389336523054,426.26523908787385,425.68717034746714,423.3145906453265
1.3000000000000007,0.00012810225165815086,0.05309179128308377,12.054125509606173,0.013934272094386912,0.019663912850044873,0.0,-0.032621423032439256,0.14067037583947684,3.028859993375289,-0.053655952987565925,0.09281842834468562,0.0,462.58275683714305,463.892770419084,463.9452547457913,460.89488335506314
1.3200000000000007,-0.0005712335562822677,0.05593838702365289,12.115125457809278,0.012895361086190604,0.021522446996613098,0.0,-0.037312157761602606,0.1439891982174348,3.0711348269351806,-0.04538455025831976,0.09073728458467675,0.0,454.37850816995564,453.8847790924676,452.43505802318646,454.426704259959
1.3400000000000007,-0.001369355967807917,0.05884919793155943,12.176995880556548,0.011990865242930582,0.023394318153011184,0.0,-0.042500083390962326,0.1470918925732194,3.115907447791894,-0.042856641277846476,0.10142610722370721,0.0,454.663379725107,457.2319449550875,456.35302187362475,456.9568346187726
1.3600000000000008,-0.002267634764408969,0.06181571898718698,12.239414953258112,0.011135815517556047,0.02542286337095323,0.0,-0.047327796269142845,0.1495602129895348,3.1259998223645518,-0.0408155140490384,0.10121128884448878,0.0,423.43342366474604,423.3874431177153,423.88461342128403,424.4094106729152
1.3800000000000008,-0.003274978678996932,0.06483348220251696,12.302363179069655,0.010319617362275935,0.02744814617011304,0.0,-0.053406595189653495,0.15221610854346307,3.1688227587897844,-0.0412890659486215,0.10266526427101826,0.0,455.54217850748256,455.8994251583111,454.01959549240735,453.9047646160471
1.4000000000000008,-0.004411540758883274,0.06790345876031324,12.366269761558481,0.009507874875411382,0.029508341312800113,0.0,-0.060249612798980695,0.15478154723616552,3.221835490092893,-0.04658790206754906,0.09895316048291289,0.0,463.6251715619574,462.7580539904206,466.06112382994604,464.8161784409896
1.4200000000000008,-0.005687363534675298,0.07102183384932756,12.431143837042022,0.008649953788960829,0.031509407414382906,0.0,-0.06733266478022162,0.15705596166526586,3.265572058261194,-0.05874001751304547,0.10558684602335731,0.0,455.39845491538546,456.9957007255459,457.7433928711727,454.8316960703172
1.4400000000000008,-0.007088218356757161,0.0741777510757535,12.496212633489076,0.007546636239299076,0.0336357127496143,0.0,-0.07275281742796459,0.15853576097732863,3.241307586444083,-0.07069683988346523,0.11098470018303673,0.0,389.0930113493573,390.61763057530936,391.0725017842792,387.7137751765939
1.4600000000000009,-0.008646458045883106,0.07737152566439294,12.562143036985281,0.006258477657995698,0.03585631780165155,0.0,-0.0830711514846299,0.1608416978866154,3.351732763176361,-0.08655737054077117,0.11233455082407016,0.0,512.9478679330562,513.244461246366,515.7897116255513,512.4152450915732
1.4800000000000009,-0.010408632183138743,0.08060584821017795,12.630024116420355,0.004795410458370952,0.03810561351079844,0.0,-0.09314626224093385,0.16259055669188494,3.436375180330993,-0.06340223239862719,0.11461695861665229,0.0,492.52976396151615,493.04576308335385,490.4203960968154,495.5478924394009
1.5000000000000009,-0.01234691829728716,0.08386704156606095,12.698766155151803,0.003527369105115419,0.04040401221820389,0.0,-0.10068234917390778,0.163528778896415,3.4378286928138113,-0.06332105706737852,0.11809820410432784,0.0,416.73579524034943,417.66037547886435,417.4936160257413,417.51165693988685
1.520000000000001,-0.014457328088951405,0.08714595634636993,12.767954128870974,0.0022669552224474643,0.04277883038382857,0.0,-0.1103586299925167,0.16436269913448343,3.4809686791031025,-0.05985486068528207,0.12316852629088727,0.0,455.8912612034212,457.11718155031974,457.2080182435884,458.03298810087483
1.540000000000001,-0.01675906814309666,0.09043810800666066,12.837820604626518,0.0010908908592277555,0.04529746497469134,0.0,-0.11981537542200889,0.16485246689459013,3.505678896451317,-0.06634066834293695,0.13368176223852912,0.0,438.95297145809906,441.57653164422055,441.05295780503883,439.44038392651174
1.560000000000001,-0.01923581430879307,0.09373697626097144,12.907746602335731,6.282987146933192,0.04797327626239589,0.0,-0.12785924114763197,0.16503435853648654,3.486920874469999,-0.0750311529366909,0.13159559688848452,0.0,397.878743533747,397.3240938354481,398.06068107288627,395.6636443328959
1.580000000000001,-0.021895344002081953,0.09703711734029412,12.97765460890166,6.281498325315184,0.05061436040176304,0.0,-0.13809372818125598,0.16497974939578117,3.5038797821228282,-0.0701728732568161,0.12731256020941914,0.0,432.5979018595758,431.531008042579,433.23163696042025,434.4508794088126
1.600000000000001,-0.024781531234291,0.10033244122168403,13.048224040435027,6.280099237468406,0.053166526247402146,0.0,-0.15052499503964872,0.16455263874320983,3.5530633712141038,-0.07312909326212447,0.13075193266685767,0.0,462.0742385000939,462.9010442882128,463.94750126638706,463.2470976157037
1.620000000000001,-0.027913105558315197,0.1036163344675993,13.119598292927463,6.278814579725793,0.05578159441805575,0.0,-0.16263243736277108,0.16383668584831665,3.5843618780296125,-0.054265152919219545,0.13099490310227116,0.0,447.085684833922,447.1606408267112,444.59990521093005,449.2087368791332
1.640000000000001,-0.031293185330009556,0.10688294918797424,13.191605488681471,6.277752067836229,0.05840157173321181,0.0,-0.17537553980666518,0.16282478618917637,3.616357697371175,-0.04751368362448294,0.1313930315012694,0.0,447.94358709579143,448.05630324482223,446.98236252022383,448.62810036260026
1.660000000000001,-0.034935715780082095,0.11012674864177117,13.264279797112804,6.276866777433799,0.061038051789358505,0.0,-0.18887750520058869,0.16155515919051675,3.6510731457622345,-0.03611339678064323,0.13554500118356397,0.0,450.9175399473794,451.93824053651485,448.52397491928434,451.29184135332724
1.680000000000001,-0.038834990023372894,0.11334511397254692,13.33733088980324,6.2761451556644765,0.06375188596432935,0.0,-0.2010499191284912,0.16028137388705652,3.65403612328133,-0.03725020484745378,0.13796745915007833,0.0,420.46801801371777,421.1152761239653,420.5035165867976,420.20729324259975
1.700000000000001,-0.04302274478219792,0.11653219627018946,13.411061637984698,6.275451892840465,0.06652182230874537,0.0,-0.2177255567540111,0.1584268558771977,3.7190386948644543,-0.027077567732410233,0.14256901571597064,0.0,477.0169434436301,478.0861679189116,477.6169583196786,479.93838788173673
1.720000000000001,-0.04753717696179453,0.11968201224851743,13.485880770096395,6.274913719517514,0.06937976831499881,0.0,-0.23371766120564993,0.1565547419555995,3.7628745163052733,-0.024478324882072078,0.1461927408528717,0.0,458.724581930681,459.605294338896,460.1637322852894,460.7804777573228
1.740000000000001,-0.05236438557901295,0.12279475462034925,13.561375767754582,6.274428287054324,0.07230370269034747,0.0,-0.2490032005161916,0.154719495227582,3.786625249513292,-0.021602899887077937,0.14659163505142903,0.0,440.5113240798707,440.6304868017764,442.2454624572485,442.9553754784279
1.7600000000000011,-0.05751752399106022,0.12586806091404143,13.637535681959957,6.2740007256896835,0.07528276245551524,0.0,-0.266310640688536,0.1526111341416358,3.829366171024206,-0.024601777377554077,0.13687288367699996,0.0,460.1550333330539,457.8604553928637,460.1021950482058,459.3893434918572
1.7800000000000011,-0.06302803241768634,0.12889768361396037,13.714604289773357,6.273513392138774,0.07802207660480853,0.0,-0.2847402019740761,0.1503511358502556,3.877494610315814,-0.021535184270477424,0.13879978572616633,0.0,464.5102179525142,464.9797714346562,464.0644675712451,464.7860225880806
1.8000000000000012,-0.06891763272593796,0.13188044930759674,13.792683657941552,6.273093283651427,0.08085037112069848,0.0,-0.30421982885108445,0.1479254335133793,3.930442206503604,-0.01693188152961536,0.12857248878449756,0.0,470.24888035829787,467.88281794693177,468.93784983940157,470.00944935127416
1.8200000000000012,-0.07519263755826792,0.13481505950575107,13.871682773841643,6.272755031610966,0.08342596747362396,0.0,-0.32328065438191234,0.14553558630205315,3.9694693835054564,-0.017810050229200503,0.13145227253885736,0.0,456.44495430198066,457.148556849596,457.61960386955656,457.40992532455505
1.8400000000000012,-0.08183736412801597,0.1377032727460885,13.951252031447053,6.2723991630794735,0.08613903872751827,0.0,-0.34119200259289156,0.14328573773169148,3.9874563770356493,-0.018625492552116905,0.14441574453654432,0.0,436.63716175913333,439.88597894299915,437.5801239328185,437.37647750545494
1.8600000000000012,-0.08885470972013473,0.1405446613058579,14.031279900159234,6.272040676136111,0.08902768253812088,0.0,-0.3605425566189845,0.14085311824524913,4.015330494182326,-0.013329662554905954,0.14522681774080531,0.0,447.76240442065193,447.9796285836184,446.25430234459594,447.5494365629985
1.8800000000000012,-0.09621697228456323,0.14334266511544083,14.111320630122728,6.271774743293207,0.09195271855428455,0.0,-0.3756836998238651,0.1389472627130429,3.988742502167165,-0.012180394792546246,0.13882374639221504,0.0,395.2005966837696,393.4485600086552,392.6851435982036,393.0049701868748
1.9000000000000012,-0.10395077387074232,0.14609421881654752,14.191520490450205,6.271532903839098,0.09477534379976049,0.0,-0.39769645879404325,0.1362081073976262,4.031243530580565,-0.01029973440709266,0.14843106835325354,0.0,460.70526424399156,462.9957204684527,459.8791997974779,460.32603814965756
1.9200000000000013,-0.11214270629214303,0.14878905637673778,14.27268689163244,6.271329978803653,0.09774477534632009,0.0,-0.4214967833460276,0.13327564862140215,4.085396587642819,-0.012777496581793972,0.1471581351305122,0.0,472.3540458864073,472.07870354621156,471.64333807686086,471.0689834088672
1.9400000000000013,-0.12079756981529549,0.1514272272973615,14.354726482174717,6.271074636913664,0.10068864642857722,0.0,-0.4439895689692194,0.1305414434409694,4.118562466585093,-0.013422541768433584,0.14834841211265548,0.0,453.1901553676184,453.4969279051444,453.3211960832121,453.16578265476215
1.9600000000000013,-0.12986507882522377,0.15401540853947984,14.43699359151024,6.270820140057944,0.10365616063804417,0.0,-0.46276133202360936,0.12827668077086682,4.108148466967076,-0.008139743334040953,0.14939336877537257,0.0,411.4784489730904,411.77847255948916,410.6662133221792,412.0698425417042
1.9800000000000013,-0.13934275302243448,0.156554358394004,14.519332663370522,6.270714630358235,0.1066474008839462,0.0,-0.4850060876974637,0.12561830468154897,4.125758719061115,-0.01884349659835568,0.15199062517198914,0.0,438.5098272129299,439.1779304797417,440.57758520797336,437.9144787198345
2.0000000000000013,-0.14926519764425583,0.1590406865637572,14.601962339271513,6.270337913604983,0.10968750656469073,0.0,-0.5072383744846718,0.12301451229377097,4.137208871037854,-0.019396992245526292,0.15275636312244834,0.0,433.0924012516519,433.3080105125325,433.5860933600606,433.44659802609925
2.0200000000000014,-0.15964220324376052,0.16147374698567782,14.684853004080125,6.26995043975516,0.11277439905602282,0.0,-0.5304621854657979,0.12029152989829338,4.151857609823391,-0.018431595862529945,0.14478576353609432,0.0,438.5608092391105,436.59246134549943,435.52050260488136,435.76272658507486
2.0400000000000014,-0.1704919144257631,0.1638513412321799,14.768051064620117,6.269583648251341,0.11567572936256987,0.0,-0.5545089327344606,0.11746789475191317,4.1679484441757335,-0.016513047749241158,0.1414346336296331,0.0,438.6442111741688,437.82840218499217,437.9162926349111,438.394894209949
2.0600000000000014,-0.18187376410966422,0.16616642335573142,14.851957805917564,6.269253547756271,0.11862543286671734,0.0,-0.5836760356556522,0.11404031760323859,4.22272568556895,-0.015946549883937972,0.12587758818042044,0.0,475.86112707241205,472.29203834420576,473.7044438334213,473.83522808703657
2.0800000000000014,-0.1938107285454395,0.16841630511483258,14.93666023555763,6.268936000282778,0.1211559385807659,0.0,-0.6100204079218752,0.11094785830687877,4.247517278437761,-0.017609994615067404,0.12078760774033993,0.0,448.23786938787964,447.0094197653713,446.91196221723254,446.5050854932608
2.1000000000000014,-0.20624679560367784,0.17060755496018634,15.021583625358671,6.2685955394560136,0.12357917113499362,0.0,-0.6335862979019583,0.10817712622849726,4.244821701666353,-0.02245541833990521,0.12465552692800197,0.0,420.585472555358,421.60341812792706,421.375792599876,420.11720852674983
2.1200000000000014,-0.21920551801301816,0.17273726418831017,15.106827937703041,6.26815295395811,0.1260732292853266,0.0,-0.6622859430320736,0.1047937965838863,4.279609532770729,-0.026067306736259795,0.12327885574500343,0.0,456.89317041455377,456.5774129548766,457.2600356054029,456.3959298170834
2.1400000000000015,-0.232753772281189,0.17479713881463033,15.192844300742383,6.267648457460986,0.12856637522722636,0.0,-0.6925394837850086,0.10119366604812874,4.322026771163371,-0.03187241441856961,0.1307043290632412,0.0,462.8146980900379,464.57790587275997,465.1639626156249,463.797954635939
2.1600000000000015,-0.24689926723513875,0.17678547782923634,15.27960153677092,6.2670146383584004,0.1312160702866274,0.0,-0.7220100116099689,0.09764023541247428,4.35369683169033,-0.034566550935714604,0.1391433430027731,0.0,453.5297314526517,455.5740223049759,455.1822182829154,454.53454662944966
2.1800000000000015,-0.2615867983466497,0.17870786348791745,15.366586570836919,6.2663411147430175,0.13399935794524254,0.0,-0.7467430995411323,0.09459833045563647,4.344806574909536,-0.02859873670753873,0.13822595697788848,0.0,416.3488548160636,416.1273780476351,414.9468096804695,416.5151265216893
2.2000000000000015,-0.2768497869420692,0.18055872030397313,15.45395353719147,6.265769140109363,0.13676394056138275,0.0,-0.7795557600008123,0.09048735114993271,4.391890060545477,-0.02858455952124696,0.13786965210182428,0.0,469.04475822853635,468.978344627843,469.18858227483116,469.1917045776556
2.2200000000000015,-0.2927666691939486,0.18232713551762017,15.542195075890813,6.2652025046393724,0.13952275007778603,0.0,-0.8121324651871288,0.08635417021477203,4.4322638093887425,-0.031764408711215456,0.13955278867788795,0.0,463.42504542163203,463.83855378027516,463.8296247832323,463.07957289320353
2.2400000000000015,-0.30935155694125477,0.18401029393892324,15.631313794231762,6.264588970404599,0.14234383103271675,0.0,-0.8463563095434844,0.08196167191553348,4.479608024706193,-0.038360458961248414,0.13180357176613308,0.0,471.8361228985904,470.05467827147066,470.320758579982,468.78519851589664
2.2600000000000016,-0.3265867616581334,0.18560945461803774,15.721091966505488,6.263831962337342,0.14498423903815993,0.0,-0.8771641621443816,0.07795439599591619,4.4982092026664455,-0.03384357685814917,0.12885855220065381,0.0,444.4993417933223,443.7906216033262,444.0011768453483,445.11092007999594
2.2800000000000016,-0.3444394072013932,0.18712744556476493,15.811211057748537,6.263155093228928,0.1475629708372228,0.0,-0.9081003921816011,0.07384469867680375,4.513699921638389,-0.033913272606816695,0.13062533178507824,0.0,441.3332907981817,441.78590110049237,441.80179886550667,441.7840862970022
2.3000000000000016,-0.3629279327303559,0.18856025550986052,15.901717573190274,6.26248676777881,0.1501920075832599,0.0,-0.9407521607146684,0.06943629583275701,4.536951622535311,-0.038371972421661356,0.12487552999106136,0.0,448.78812147928005,447.4012124009479,450.9507182589598,449.8683605421685
2.3200000000000016,-0.38215576388901,0.18989244530497199,15.993219817439547,6.26174339696718,0.1526900042346746,0.0,-0.9820309551507406,0.06378268367838733,4.613272802392016,-0.0453100754481516,0.12586148292407554,0.0,496.2779983603776,496.5074560719904,497.9009102111025,496.37511245973207
2.3400000000000016,-0.40208266124787084,0.19112814042319673,16.085381001372788,6.2608464629810285,0.15520980716339405,0.0,-1.0106587807353458,0.05978682814408752,4.602845590932168,-0.04100484077120474,0.12813008171543094,0.0,417.8409837498567,418.4494660582418,416.6757545290441,417.80217390076115
2.3600000000000017,-0.4226239673679366,0.19227696867697344,16.177570087941017,6.260031887185818,0.15778949304389034,0.0,-1.043471831271229,0.05509599723358476,4.616063065890458,-0.03768188419229485,0.13397546385655937,0.0,440.7031148644004,442.16548025272044,439.980046287003,440.80381711270314
2.3800000000000017,-0.4438280316001899,0.19333014305645108,16.27002919978326,6.259283049714323,0.1604698881059914,0.0,-1.0769345919541033,0.050221440714177154,4.629848118333806,-0.04078033940470489,0.13264446049809955,0.0,441.01058945674197,440.6973160515712,442.93947489971055,442.1735994494669
2.4000000000000017,-0.46564500893027627,0.1942934352013326,16.362379995246915,6.2584676606313465,0.16312285576872743,0.0,-1.1047631410545318,0.04610777377397673,4.605231428031477,-0.04012048318170963,0.13224834744792857,0.0,403.78389160333535,403.69478611059293,403.55409771486364,403.7317191276487
2.4200000000000017,-0.4880883213744872,0.19516329074360186,16.45463342750432,6.257806040413856,0.16577203577135613,0.0,-1.1395681033665632,0.0408777804529511,4.620111797708898,-0.02334017054199947,0.12934557164870264,0.0,443.1910808741304,442.490818526883,440.96331546652914,445.10209477750516
2.4400000000000017,-0.5112356184011994,0.19592683771477273,16.5471968313877,6.257359655981041,0.16835928131019084,0.0,-1.1751615993046507,0.035476916664135064,4.636228590629403,-0.02973062874539391,0.12852812946594536,0.0,444.2047757945166,444.01893357929094,445.45896057111116,443.8882364601947
2.4600000000000017,-0.5351461573499074,0.19657448798347843,16.640351049807965,6.2567674798656,0.1709304299242751,0.0,-1.2158922955661593,0.02928811020643642,4.679193251397032,-0.03193809764253262,0.12744551710185872,0.0,469.8225837799361,469.58480526471294,469.4994414403349,468.98507375963817
2.4800000000000018,-0.5598185761770851,0.19710599907351306,16.734022031899148,6.256139083269524,0.17348079472368738,0.0,-1.2513495871516134,0.02386299879702722,4.68790495772102,-0.027384998307888972,0.1291510711908527,0.0,437.08403419049637,437.52541332060616,438.4059776500736,439.5392168744606
2.5000000000000018,-0.5852706314308044,0.19751768896400976,16.82823813238818,6.255598414169299,0.17610506089074374,0.0,-1.2938559382203134,0.01730599025264222,4.733705091182062,-0.0311348958882873,0.1382334434843873,0.0,471.5732219520586,473.6876259560562,473.32816130339955,472.4613781365634
2.520000000000002,-0.6115087242522211,0.19780789690393244,16.92297290453375,6.2550134493534255,0.17886981681152925,0.0,-1.3299533439213662,0.01171480373962791,4.739772123374905,-0.039822024515493645,0.13865069903533297,0.0,436.17601539531387,436.29866071700565,437.65089732977657,435.4756860558292
2.540000000000002,-0.6384960679116511,0.19798176106347465,17.017947524019863,6.254217638785965,0.18164285014503267,0.0,-1.3687810220216425,0.005671612214592928,4.757689825236662,-0.04094445299876637,0.1384539616622544,0.0,447.2670003471299,447.23661993926333,448.799403983251,448.5251896166152
2.560000000000002,-0.666211942539174,0.19804161528056613,17.112985182739372,6.253400092193608,0.18441699755272278,0.0,-1.4028064407306489,0.00031380949455560476,4.746076046714261,-0.03930587580031204,0.13527019834025844,0.0,420.01626754755694,419.2060014979566,419.18331227558775,419.6093464902684
2.580000000000002,-0.6946689281941125,0.19798399335839728,17.208086330913893,6.25262566529452,0.18715785393649664,0.0,-1.4428921247632027,-0.006076001711438494,4.7640387707378204,-0.03447046125361118,0.14369069915303956,0.0,447.4533021162358,449.52205742388725,447.75643182096684,448.9344191083978
2.600000000000002,-0.7239500326661621,0.19779430287399452,17.303632278382175,6.25196166911298,0.19009314002516042,0.0,-1.485218322441756,-0.012893046728837142,4.790555976090334,-0.02734121956430125,0.1326026780849644,0.0,458.2692717044448,455.6358814349676,455.72875328516665,457.43485489380527
2.620000000000002,-0.7540608035952546,0.19747064893863667,17.399585172085217,6.2514176977128635,0.19275302741464273,0.0,-1.5258587704674964,-0.019472346806947205,4.8047333942140975,-0.024952499752925787,0.12864443913731433,0.0,446.306440063796,445.3521865560624,445.1230946007537,445.7090569298506
2.640000000000002,-0.7850019085455301,0.1970123825338181,17.4958809382194,6.250966939838577,0.19533060231525035,0.0,-1.5682517245600516,-0.026354293674913033,4.824843219204278,-0.03478022795134279,0.12558302839656396,0.0,451.9584567348605,451.2323776429988,452.6923598331214,450.3132782406744
2.660000000000002,-0.8168755218008917,0.19640269034728378,17.592976536781034,6.250286747720004,0.19785076777018862,0.0,-1.619109600976119,-0.034614924978517536,4.884716636959018,-0.04033224388320305,0.12145873766795558,0.0,488.77514366442574,487.86486754963937,487.9533784960872,486.70784346553324
2.680000000000002,-0.8496450143937014,0.1956470709834161,17.690630729310868,6.249483409889137,0.20028039375889595,0.0,-1.6578396583048436,-0.04094701140825002,4.880702616024335,-0.03776045586861268,0.12240872224454956,0.0,429.17155089797404,429.42731145836416,429.3035960479873,429.95695685006217
2.700000000000002,-0.8833156154511018,0.19474310331972997,17.788802713881154,6.248741141057481,0.20272878195448119,0.0,-1.7092204474351897,-0.04944975496036366,4.936495841004085,-0.03267316076895734,0.12306255814730799,0.0,486.0548398578171,486.2139878721834,483.5835883792907,484.7314401815997
2.720000000000002,-0.9180096133151027,0.1936690252718872,17.888037922355053,6.248089629156141,0.20519266487987853,0.0,-1.760179338964896,-0.05795804982391269,4.987025006385795,-0.030697653725888924,0.1253567954722258,0.0,481.74713742145417,482.27977069855103,480.19606001557014,480.6451636570705
2.740000000000002,-0.9536775335741863,0.19243190593556866,17.988035060260206,6.247533312619433,0.20770279965895355,0.0,-1.8066126869434613,-0.06575388380794076,5.012688784129273,-0.019961123764151947,0.12780582370005353,0.0,457.74549499840504,458.3436498201387,459.5210237646545,462.06734897323634
2.760000000000002,-0.9902218180427663,0.1910475005962203,18.088268965852954,6.247141082066353,0.21026421116751326,0.0,-1.847815759914545,-0.07268665012689497,5.010701775145675,-0.02370062164587455,0.12455158506147729,0.0,433.6800184624303,432.874479364497,434.2969016297432,433.3547887824963
2.780000000000002,-1.0277710473566084,0.18949405056351176,18.18928486627377,6.246667069669048,0.2127656797228541,0.0,-1.9071071714696546,-0.08265835314395854,5.090888266935869,-0.023709061092307325,0.11998280970885007,0.0,507.9747669785027,507.002812023835,508.54420600091913,508.54240890123816
2.800000000000002,-1.066287488684775,0.1877780639080279,18.290858776613575,6.246193456878457,0.2151894680791564,0.0,-1.9445369613470105,-0.08894031240442803,5.06650276704435,-0.02264282354337977,0.11303555670855195,0.0,412.62810623853255,410.7979790719993,412.68515943534453,412.96735211556336
2.820000000000002,-1.1056192176217277,0.18592511881331675,18.392228930303897,6.245755761095538,0.21745213089793758,0.0,-1.988635932348238,-0.09635419706668534,5.070512601987616,-0.0281493084383901,0.11501125132551365,0.0,440.2568963410895,440.7585899678649,441.3715153808306,440.0057735157049
2.840000000000002,-1.1458030585387151,0.18392892677453304,18.493521620328135,6.245204215571896,0.219756826251154,0.0,-2.029748159350516,-0.10326500681168457,5.058756400436081,-0.023365869273035914,0.11202115878313774,0.0,426.53678048726744,425.78232116165947,423.90151431383345,425.1328530849635
2.860000000000002,-1.1868296760730215,0.18179081461578667,18.59464994879807,6.244740566234151,0.2220642995038915,0.0,-2.0729135940801102,-0.11054620906295427,5.054076446557563,-0.026074392012770953,0.10044099668797968,0.0,433.96055816392,431.0456072198832,432.7886438624615,432.1040057024242
2.880000000000002,-1.2287865461370577,0.17949563291824924,18.695959227782986,6.244219157419904,0.2240736279386315,0.0,-2.1227734123235327,-0.11897196069078708,5.0768514519339325,-0.026471949576490808,0.10144946183873138,0.0,458.3796671325326,458.6284313469331,459.41713549668987,459.32243477108057
2.900000000000002,-1.2716842283469574,0.17704127549952126,18.797455212433018,6.243708500496771,0.2261106054880342,0.0,-2.1669948086664266,-0.12646378118201118,5.0727470130694465,-0.020342990709479848,0.10544653892784178,0.0,433.1444604861693,434.1610877384655,432.9338016180475,434.4782124901689
2.920000000000002,-1.315576912434481,0.17441789143420097,18.89933018397414,6.243416791744787,0.22822223594445834,0.0,-2.222273600085947,-0.1358746253500171,5.1147501410429195,-0.03551869907552589,0.10777019030758805,0.0,475.967994645456,476.5101754254182,479.69124030958335,476.22101033745764
2.940000000000002,-1.3605543268844629,0.1716101272910915,19.001931399810886,6.2427067410876,0.23041984159781492,0.0,-2.275467844912253,-0.1449017889609273,5.145371442631587,-0.036322843744034904,0.09858304197913823,0.0,468.38077494394656,466.2416228293086,467.6638930017788,467.4754366367641
2.960000000000002,-1.4066376811000143,0.16861391831756928,19.105300369049065,6.241980295125932,0.23239417450290212,0.0,-2.3328675766428972,-0.15471910839129635,5.191525481186433,-0.03647058143465592,0.10089477963910524,0.0,481.2340430149424,481.76631330943786,482.4566488647473,482.42269713276306
2.980000000000002,-1.4537992912827886,0.16543268147639786,19.20927516824431,6.241251055627771,0.2344195455056859,0.0,-2.3832934416345295,-0.16340457572584616,5.2059544383381136,-0.035883843791614786,0.10476140866235525,0.0,453.2177815257461,454.15787003699035,453.5672496759207,453.70804332345745
3.000000000000002,-1.5019721800094723,0.16207656997449993,19.31352970157843,6.240548117737328,0.236516131744823,0.0,-2.433995431033849,-0.17220657446394652,5.219498895074105,-0.03045448187885296,0.1064094777689609,0.0,453.1437088148979,453.5503902410863,452.4427197489304,453.7518840523237
3.0200000000000022,-1.5511512988245368,0.1585452142430268,19.418001902491643,6.23999107194733,0.23865252507937917,0.0,-2.483916450472596,-0.18092899868336343,5.227721196246677,-0.020252144148668765,0.10235885332901018,0.0,448.5213409877205,447.5429902692442,447.85272314458626,450.3354596314575
3.0400000000000023,-1.6013998505269944,0.15482655737697085,19.522909578238476,6.239601160127258,0.24070244312943512,0.0,-2.540938719773158,-0.19093668792223378,5.26304637843655,-0.02575324638403987,0.10001749326441099,0.0,474.03028679614937,473.49851095323163,475.01921608055136,473.75182187094236
3.0600000000000023,-1.6526865652970875,0.1509259653886668,19.62808532797907,6.2390873068078605,0.2427140605610303,0.0,-2.587732757236144,-0.19912251090816974,5.254528595622436,-0.024196577965364747,0.10476461161291417,0.0,432.4761310877349,433.6831338275904,433.29906483713535,433.69142228760467
3.0800000000000023,-1.7050789959029369,0.1468312429659143,19.73375811046163,6.238619295310897,0.24481704760219003,0.0,-2.651510303348811,-0.21034973136708018,5.312749652633663,-0.01855387252493546,0.10868757194955271,0.0,494.30597504369166,495.18097469645346,494.85873043327535,496.1034276924229
3.1000000000000023,-1.7586677340270918,0.14252600781248895,19.840253954934216,6.238261688880961,0.24700734804975077,0.0,-2.7073635090666714,-0.22017378397545218,5.336834794624908,-0.013363300193657026,0.10293448433166497,0.0,466.5264723969426,465.1864901612311,464.49032255626605,465.71019161791634
3.1200000000000023,-1.8132578073858574,0.13804510778089657,19.946750918806135,6.237996082797238,0.24907770628847814,0.0,-2.7516438268098913,-0.2279162191837847,5.312861592567017,-0.01518534308641766,0.10776533355184259,0.0,419.2926338318848,420.55995510296805,419.10889311006724,418.6335374948005
3.1400000000000023,-1.868873678212142,0.13338476117263634,20.05330226563742,6.237710376145035,0.2512569961687099,0.0,-2.8099432558185766,-0.23811844164223755,5.34227309056145,-0.02118537800710164,0.10083955428950395,0.0,471.80725474972616,470.20959204650745,471.5371135376374,470.14440468249205
3.1600000000000024,-1.9255780502808653,0.12853446105912605,20.160118012893687,6.2373044651416905,0.25327781405455774,0.0,-2.8604939510537415,-0.2469115697087913,5.339301635065296,-0.015219381561157798,0.10367744084735703,0.0,440.1276551892127,440.84073765618405,440.80307756265034,442.2799420117226
3.1800000000000024,-1.9832287685665142,0.12351980018621248,20.266606701787698,6.2370148170390465,0.2553572996482849,0.0,-2.904577877511152,-0.2545545175825655,5.309567254335774,-0.009789919602810495,0.10712324315736545,0.0,414.36454673240473,415.2827038724728,413.18275563199876,414.61668458501674
3.2000000000000024,-2.0418348785741376,0.11833951065368908,20.372766617803936,6.236864583056057,0.2575009481081203,0.0,-2.9560331232511876,-0.2634744356697734,5.306424347288342,-0.019336061133982375,0.10866181177017764,0.0,441.86121073634195,442.2517735728769,441.25608429250127,438.8851894916319
3.2200000000000024,-2.101486334749356,0.11297854771474339,20.478906463722065,6.2365128006720845,0.25967504964436294,0.0,-3.00911249427067,-0.2726218582247956,5.307560244524612,-0.027695348030280016,0.10734628842240614,0.0,444.94450804385883,444.6316210763558,447.2143909482895,445.1666885719996
3.2400000000000024,-2.162313486196421,0.10741480513529715,20.585478695444092,6.235997747180004,0.261847954165753,0.0,-3.073602650435824,-0.28375239971982846,5.349662927678247,-0.018880194199996952,0.114554443934316,0.0,483.4482927523243,485.0842495854878,482.31753511083167,484.31090671795545
3.2600000000000025,-2.2243858799146285,0.10163614279403724,20.692704029617566,6.235637867324721,0.2641500313517904,0.0,-3.1336367213849563,-0.29411383440616357,5.37287048966921,-0.012926367075050745,0.11924236615014944,0.0,466.8474415233319,467.9546959385029,466.7670466504799,468.15921874416597
3.2800000000000025,-2.2876925158820716,0.09564461634021976,20.80049526810244,6.235383449047145,0.2665417042563121,0.0,-3.1970268753593456,-0.3050388109755847,5.4062533588182635,-0.010059639349853017,0.11554761811568173,0.0,478.04893334466,477.2151502552423,476.647280056401,477.30432839914096
3.3000000000000025,-2.3522229804368404,0.08944283489848562,20.908769520873395,6.235185517005458,0.2689659720310731,0.0,-3.2560195801175573,-0.3151393331978292,5.421171918277125,-0.007505918413855976,0.13060188079757562,0.0,459.22844688416797,462.80902555771553,460.73529321201545,461.340851375468
3.3200000000000025,-2.41791815538005,0.08304232179587251,21.017265091301496,6.235037577930392,0.27164628881333197,0.0,-3.313497914203403,-0.3249119770634806,5.428385124533021,-0.009593641197663393,0.142287698381912,0.0,452.150272698773,454.98164424510315,455.2475757901846,454.7461641574801
3.3400000000000025,-2.4848666617161466,0.07642923988003396,21.126253784286103,6.2348524551654005,0.27453083555425994,0.0,-3.3813527194062294,-0.3363962145203744,5.470484173927632,-0.0059193905360684865,0.1510959641918693,0.0,485.7187671936163,487.7137385337013,486.4317976283296,487.25682460124466
3.3600000000000025,-2.5530244326346128,0.0696127630768787,21.235531700820683,6.234743324577028,0.2775599507567952,0.0,-3.4344243724404073,-0.34525146579515037,5.457307479530466,-0.010222232003671419,0.15488962171412593,0.0,435.2988785427612,436.2724012779101,436.4357940689684,435.3569164357935
3.3800000000000026,-2.6223353062071304,0.06260451848875075,21.34484427823595,6.234551042692033,0.28068163013993086,0.0,-3.496662984811332,-0.35557299301764544,5.473950261996075,-0.015154321839963066,0.14797775527249116,0.0,464.85406705054936,463.247610749394,466.0728907549318,464.9149213192221
3.4000000000000026,-2.6926610544602485,0.055429514582984736,21.45366608824556,6.234258376116177,0.28365081155283534,0.0,-3.5359118405005017,-0.36192739755895603,5.408230738964505,-0.010589267416711342,0.14358997509244187,0.0,382.0688601729563,380.83596828396907,379.99597357882726,381.3069854794692
3.4200000000000026,-2.7638349048367603,0.048117260715112145,21.56137308326448,6.234053263784158,0.28652606051724305,0.0,-3.5814731971506713,-0.3692979892283032,5.362468762927523,-0.014242489642682366,0.14621655559148708,0.0,402.25821649834677,402.99289397927765,403.2684634099846,402.27712572660073
3.4400000000000026,-2.836132384036164,0.040622774722303204,21.668866528591916,6.233793351190021,0.2894509112994257,0.0,-3.648274722789664,-0.380150610052591,5.386875769815859,-0.021304670427266234,0.14519707498570916,0.0,472.10976516573663,471.8923286196252,473.22037459085806,471.5865016106424
3.4600000000000026,-2.909786826546454,0.03290846921062527,21.77689229945746,6.23337250302856,0.2923633211282688,0.0,-3.7171695282393373,-0.3912799411152026,5.415701316738724,-0.018065767191936193,0.14931249212824274,0.0,476.88180917835757,477.8422310793613,476.19516844743083,476.93805125053694
3.4800000000000026,-2.9847516842059094,0.024983092010835817,21.885244408388953,6.23303693834467,0.2953495777638251,0.0,-3.779316237706217,-0.4012577788637423,5.419509576410559,-0.025242209200109004,0.149429051054099,0.0,454.1365719993763,454.18504506436125,455.49506312414564,453.769760926271
3.5000000000000027,-3.060951421581855,0.016860006613902256,21.993622267165325,6.232549781454658,0.2983387727853861,0.0,-3.840657499888333,-0.41105076082961406,5.418276301226588,-0.019294555210345277,0.15053720310048543,0.0,450.5966489020181,450.886011499479,448.6649653910231,450.1115103005127
3.5200000000000027,-3.1385261808583764,0.008516892336380621,22.102433411235577,6.2321639859999785,0.30134968447133215,0.0,-3.9168184277638227,-0.42326066692254943,5.4628381057985385,-0.019731932685260203,0.1511162090356209,0.0,493.2042705050219,493.3514250234269,492.4547594418244,492.35775728708444
3.5400000000000027,-3.217531917340665,-5.478516783051999e-05,22.21181118870576,6.231770179976678,0.3043720087023196,0.0,-3.983755220465024,-0.43390708349856466,5.4749396412194224,-0.018441482837319972,0.15110618156852829,0.0,463.3553184083639,463.373426096061,465.0262653537559,465.32953888506523
3.5600000000000027,-3.2978282058744455,-0.008831069279852697,22.321253099766945,6.231404936875993,0.30739778855578326,0.0,-4.045873632913022,-0.44372132770365297,5.4692514648991954,-0.015763216210538233,0.14840202843188322,0.0,449.8060338701467,449.16965566890224,445.9891190450977,446.6451032647416
3.5800000000000027,-3.379398899076915,-0.017808391777605757,22.430659284849682,6.231089689236796,0.3103828965082034,0.0,-4.111195687333931,-0.45401092207165294,5.471367043374548,-0.015580541555767435,0.14255953174259928,0.0,456.84579025001614,455.46584880801936,455.61916183655705,455.6630878338185
3.6000000000000028,-3.4622688008348317,-0.026989762355462868,22.54006207655285,6.230781381030749,0.3132341376917971,0.0,-4.175794488457745,-0.4641261357140583,5.468912126942221,-0.018150609674394528,0.14287749004585903,0.0,451.11823995158534,451.2138814560706,453.2391766367544,452.6190462103175
3.6200000000000028,-3.546404284596724,-0.036368637672333094,22.649312593472555,6.230419758931557,0.3160932377053678,0.0,-4.23775388773144,-0.4737613959729643,5.456139565028139,-0.019817999428670557,0.14463829250700136,0.0,442.28777380141656,442.74184387162575,442.58716452171524,442.17523682812777
3.640000000000003,-3.631705936084068,-0.04592802444450739,22.758063929301972,6.230027926006876,0.3189860071777062,0.0,-4.292411261002989,-0.48217728124446557,5.41899401791334,-0.016808991654305504,0.14455317848015664,0.0,418.47948178390277,418.47821863471955,417.14188019896056,417.9296351593427
3.660000000000003,-3.718219772097528,-0.05567453190476981,22.866413733288763,6.229732812364944,0.32189318477840434,0.0,-4.358972340342991,-0.49247346478177656,5.415986380765815,-0.007746299873929382,0.13887620197936343,0.0,452.63672605818607,451.2829001031656,451.8980381873775,454.0849299667603
3.680000000000003,-3.806095534928516,-0.06563129989547549,22.974773460621844,6.2295931390809365,0.3246814524985604,0.0,-4.428603942755826,-0.5032033342887916,5.419986352542234,-0.013269471692934447,0.13424075581563988,0.0,459.61468282047,458.52819763670414,461.0658464832694,459.7547204347863
3.700000000000003,-3.8953750738498414,-0.07580357215656082,23.083224525882066,6.229329472370374,0.327404778958174,0.0,-4.499349949376719,-0.5140238918197404,5.425120173479866,-0.01512566311441899,0.14301701279697832,0.0,460.232818111048,462.32833172160906,461.7935658787487,461.35412708428584
3.720000000000003,-3.9860585977106435,-0.08618991992378533,23.191724735396967,6.229088627192194,0.33027341905584695,0.0,-4.569002436703496,-0.5246108849027098,5.424900778010373,-0.026231344913242048,0.138942741884673,0.0,458.062345792684,457.10753214356623,457.596449742689,454.936016033862
3.740000000000003,-4.078078443575394,-0.09677837741921624,23.300033622415665,6.2285892214409255,0.33305314453667734,0.0,-4.632982149771477,-0.5342348646403817,5.405987923859303,-0.03333361877398447,0.13762316381835707,0.0,438.960731557439,438.6502009911702,440.3752375211892,438.60865361603686
3.760000000000003,-4.171336300052274,-0.10755259546253379,23.407824750836113,6.227922569134289,0.3358089931899242,0.0,-4.692803497916481,-0.5431869396913727,5.373124918185433,-0.03313327484876546,0.14022523102735251,0.0,425.5643579427015,426.2506237127947,424.62523027129953,424.6763074897197
3.780000000000003,-4.265871442991057,-0.11851875766732138,23.51517183480203,6.227260262145904,0.3386167104194344,0.0,-4.760710795961795,-0.5534292807873856,5.36158347840626,-0.03228650618005352,0.14276003238581625,0.0,446.37203663554953,447.0104756463586,447.2445322453894,447.4510165966196
3.800000000000003,-4.361742591622002,-0.1296863626095508,23.622205077926896,6.22663765613207,0.3414765083476601,0.0,-4.82640406713271,-0.5633312134355561,5.341740834080567,-0.039087110530724375,0.1397277789302205,0.0,440.02833126481346,439.2936971739535,439.6319015160866,437.9373635561554
3.820000000000003,-4.458807146427738,-0.1410328522301165,23.728483334951818,6.225861498957563,0.3442917687505078,0.0,-4.880051413440849,-0.5713177486210159,5.286084868411441,-0.042429276328283576,0.14616281183512558,0.0,401.09431737706547,402.86462517022943,402.4142247796002,401.50438876646865
3.840000000000003,-4.557103242110736,-0.15256458699210818,23.834073717123104,6.225106402680556,0.3472161610904605,0.0,-4.949558154858941,-0.5818557275781517,5.272953348717285,-0.028755268169909406,0.147670195827611,0.0,445.9454077156722,446.3346342621672,444.647354207936,447.9952439395568
3.860000000000003,-4.6567355249487985,-0.16429863230456526,23.93923199754882,6.224550946140516,0.3501739533564292,0.0,-5.013670128947354,-0.5915488036675579,5.242874693854445,-0.035024051681712104,0.15063274520824183,0.0,429.1427252959926,429.91792784409506,430.450873937845,428.8557529373677
3.880000000000003,-4.75758089379231,-0.17621526289027403,24.043580473358148,6.223855003324243,0.35319874628377335,0.0,-5.070866755403828,-0.6001142549033205,5.191972887078434,-0.03803676386877757,0.15555981800647198,0.0,407.34903844929255,408.69260511504945,408.0258421237979,407.2172777829704
3.900000000000003,-4.859604036620959,-0.1883086368303651,24.146984972184075,6.223094888139045,0.3563391097246953,0.0,-5.131447527460956,-0.6092231391057875,5.148476995514536,-0.03915039951683497,0.1479221376266308,0.0,416.44223152551484,414.4573848647601,416.31292681588474,416.01961592350574
3.920000000000003,-4.962975865091579,-0.20060636048878597,24.249868382042,6.222340825563483,0.35929769933595157,0.0,-5.205735319601073,-0.6205492267362992,5.1398639902779,-0.031541797178017965,0.14738018057396535,0.0,451.69840343878144,451.5873792954283,450.8380822951183,452.67831066158124
3.940000000000003,-5.067818697516622,-0.21312837182814556,24.35251919885914,6.221724085195408,0.36224566789607504,0.0,-5.278547922903242,-0.6316519071996629,5.125217691436512,-0.03685133114741848,0.1482345208387448,0.0,446.7505099983777,446.9797203223918,446.44861930933115,445.14639868958886
3.960000000000003,-5.174095366514805,-0.2258686906487426,24.454797550215712,6.2209875765780325,0.3652147414751781,0.0,-5.349118976915002,-0.6423799748600423,5.102617444220332,-0.035833484821585465,0.14527372286244078,0.0,439.8482398420408,439.13273039753454,438.11866626258177,438.37189445517276
3.980000000000003,-5.281647377128324,-0.23880151817393352,24.556248802276055,6.220282809857107,0.36816279857507794,0.0,-5.406082084436927,-0.6509027776590497,5.042507761814066,-0.04071261906956939,0.15450222682036213,0.0,399.52888051204957,402.0680991219755,398.6824873948049,397.34170853207223
4.000000000000003,-5.39049384904469,-0.25193004221071014,24.656882899095983,6.2194791932322,0.37126029167424246,0.0,-5.478565107199762,-0.6619496260186146,5.0209019201788205,-0.03610051402221604,0.15836190627792346,0.0,440.109365632373,441.08968969896154,439.4167452018711,440.56166628631155
4.020000000000002,-5.500739226623308,-0.26527132409877324,24.756934184934146,6.2187678326355265,0.3744301068393323,0.0,-5.545972650662032,-0.672178562787692,4.984226663637766,-0.0407156378062754,0.1560916465873472,0.0,424.517516213973,423.957648700136,426.821574547766,425.6373469643188
4.040000000000002,-5.612411017750201,-0.27882991481776565,24.85643121243011,6.217961276249717,0.3776013867985073,0.0,-5.621206462027346,-0.6836805091115464,4.965476085958631,-0.03677701614000903,0.14614709758520572,0.0,445.47819819144075,443.05449448369103,443.2823699332986,444.2516581032471
4.060000000000001,-5.725695202125778,-0.29263632709506826,24.955803052342834,6.217230708562685,0.38061695370529947,0.0,-5.707211975530402,-0.6969607186187121,4.971707905313899,-0.03362340368157052,0.13253644329616163,0.0,471.4477914404989,468.3003120026805,467.997922937605,468.73335649950747
4.080000000000001,-5.840557631716755,-0.3066849969241875,25.054923118033265,6.2166090060701045,0.3832727238967646,0.0,-5.779030983567239,-0.7079062642932142,4.940298663729326,-0.023547136411279406,0.1357117623483773,0.0,431.0194858268333,431.8407369654918,432.42080850366807,434.95999960989246
4.1000000000000005,-5.956921172875928,-0.32096313157709516,25.15355735484149,6.21622225799892,0.3860045812207069,0.0,-5.857323132350069,-0.7199072009975533,4.923125017093075,-0.010570645588220864,0.12977508365148513,0.0,447.201324183333,445.76482390799305,446.88432268208425,450.0471298871823
4.12,-6.074849988057376,-0.3354806325555795,25.251827441987874,6.216014592990582,0.3886022560342175,0.0,-5.9355583857946845,-0.7318428968508861,4.903883697545488,-0.013308492708383234,0.1276903100517079,0.0,446.60939633374187,446.114205202274,445.94256223093555,445.2710875311683
4.14,-6.194403814318915,-0.35024589974180514,25.349841132967004,6.215751258518289,0.3911599507812733,0.0,-6.019824240359233,-0.744683821771673,4.897485400367387,-0.010927156161402609,0.12490156624073574,0.0,458.4895008840429,457.83851970642263,460.18200171441873,460.7474176083525
4.159999999999999,-6.315499306918257,-0.36524375461013103,25.447359992516684,6.215533620296192,0.3936882212907298,0.0,-6.089725019574921,-0.7551016650609211,4.854400554600552,-0.012272445076321081,0.13267835023435906,0.0,421.8031576807885,423.82875609085613,422.4690149867796,422.1209039085664
4.179999999999999,-6.43807929496493,-0.38046329519678396,25.54420825219401,6.215288955160638,0.3963440331745396,0.0,-6.168273785092333,-0.7668523936043736,4.830425413131931,-0.011020433916528719,0.1305594452705349,0.0,443.1836576861847,442.6769971016368,442.38060268855145,442.6899796223307
4.199999999999998,-6.5621510296799626,-0.39590421230952266,25.640369530910103,6.215075398796806,0.3989649541061091,0.0,-6.238899686410979,-0.7772393176694965,4.785702458477498,-0.007318457553041977,0.1349712535525845,0.0,421.220277443918,422.3802514023326,420.89354846114037,421.85402420216406
4.219999999999998,-6.687878469011913,-0.41159134303542366,25.736194884159794,6.214931762022129,0.40168994113146184,0.0,-6.333844246784067,-0.7914737549206072,4.796832866491581,-0.00965613861891119,0.14212135205557969,0.0,478.17050360303494,479.8175108305236,477.29629564896436,476.76075938586456
4.2399999999999975,-6.8154548667559105,-0.427554017974552,25.832103929988133,6.214765176380379,0.4045905974701878,0.0,-6.423795527615694,-0.8047937389922275,4.794071716342328,-0.016941347006785446,0.1313297536925198,0.0,466.9081451085903,464.39272103679554,466.62711966629,464.91755992757413
4.259999999999997,-6.944786882191337,-0.4437750688102399,25.927835156312987,6.2144478046232905,0.4072195892274051,0.0,-6.509406015926957,-0.8173113445765678,4.779050916143434,-0.023491947444570706,0.12914037781491816,0.0,454.9918020231382,454.4809273160141,455.11346406064126,453.5375079699761
4.279999999999997,-7.075821203969317,-0.4602441922299131,26.023223707998167,6.21398303798294,0.40981113918350687,0.0,-6.594026161871037,-0.8296009973907444,4.759804252374401,-0.026677008995287587,0.13332186075831604,0.0,450.44966240016214,451.47820627608803,451.45214301548515,450.6802446816463
4.299999999999996,-7.208533854068061,-0.4769564304950131,26.118176035998694,6.213449583085039,0.4125543472879638,0.0,-6.677238848003271,-0.8416228291192521,4.73542854767843,-0.027090002953235458,0.12093066313333752,0.0,447.1606391205531,444.1376008361271,447.3946383236964,447.2935723175155
4.319999999999996,-7.343011024872472,-0.49392469216712376,26.21285008763638,6.212917960271117,0.4149971289416765,0.0,-6.770478232437789,-0.8552033380918161,4.731976616090082,-0.02257840786002461,0.11397819723322734,0.0,468.8769206560369,467.2657138480116,467.3133965190181,468.36737195521164
4.339999999999995,-7.479301478787416,-0.5111560631971754,26.307318947156666,6.212484354246659,0.4172775871075691,0.0,-6.858567159056685,-0.8679337649133562,4.714909335938694,-0.028572093327550504,0.11264087062566365,0.0,455.45581425431624,455.14597784989746,456.27194782125815,454.8337528769541
4.359999999999995,-7.617281210981672,-0.5286300498666651,26.401265297566606,6.211919903009715,0.4195304296119593,0.0,-6.939406060368911,-0.8794649020356158,4.67972570505526,-0.03231124553287653,0.11286488793384193,0.0,437.9289482356448,437.99633680697957,437.7954689430114,436.86061442774076
4.379999999999995,-7.757013598416586,-0.546356112212931,26.494794926892762,6.2112815056579365,0.42181068821230916,0.0,-7.0338326831224816,-0.893141332590976,4.673237227560158,-0.03626790040259914,0.10608833399050663,0.0,468.42028738305726,466.846908540892,466.9674683078295,466.0400337419635
4.399999999999994,-7.898567344442917,-0.5643448601366009,26.588026581734795,6.210584344470105,0.42394971718008634,0.0,-7.121541919510544,-0.9057334597760197,4.649928256643242,-0.02875833047887834,0.11196409572270154,0.0,450.0324640152601,451.46706530053257,450.78650807147375,452.60326110610487
4.419999999999994,-8.041997538085333,-0.582605101312082,26.681044825433084,6.210016056806364,0.4261910677347105,0.0,-7.221477444731083,-0.9202906577720855,4.6518961131855425,-0.025049167275364666,0.11399812628802844,0.0,476.7187343243048,477.1950718700121,476.1988797383793,477.04936045725265
4.439999999999993,-8.18736140952618,-0.6011457834703346,26.77394013938582,6.209518158524602,0.42848717130889646,0.0,-7.314909699353534,-0.9337775580531728,4.637635282088135,-0.02753314140799819,0.10831639267495709,0.0,462.3155848297634,460.98129811672464,462.62152058925847,462.03415137331376
4.459999999999993,-8.33453420273945,-0.6199461690896783,26.86640105824774,6.2089678658000444,0.4307123699468649,0.0,-7.402369621973377,-0.9462610038811841,4.608456604103829,-0.028393494362525667,0.09746551395763434,0.0,449.1492154173181,446.5108277578733,447.8617440767887,447.6515249646854
4.479999999999992,-8.483584985772005,-0.639016677714223,26.958540193376646,6.20857874546763,0.4326713034087728,0.0,-7.502708681282122,-0.9607898585732889,4.605456908786892,-0.04730114121958524,0.09307844597200143,0.0,475.36436865240574,474.36197054523717,476.25042278874963,471.89061980043186
4.499999999999992,-8.634754295299466,-0.6583952636126286,27.050842402854745,6.207633417175032,0.43455414681998406,0.0,-7.614222271463917,-0.9770687312672655,4.624764039023223,-0.04612255580161951,0.08655548778251533,0.0,497.17252406605667,495.74265870895357,496.4571178418427,496.7154579885379
4.519999999999992,-8.7878891109587,-0.6780570254512035,27.142942765016798,6.206756772804113,0.4362856019033199,0.0,-7.699259294459346,-0.9891074525902254,4.585272177181889,-0.055694049427414745,0.08572443100271789,0.0,440.1956767239404,439.99551886076745,441.3143750630014,438.93583225587236
4.539999999999991,-8.94280942881615,-0.6979736708892268,27.234418679521326,6.205661309686178,0.43800013802657745,0.0,-7.792772491285506,-1.0025570912121031,4.562319273270818,-0.049624803903809765,0.08541619991065512,0.0,457.48270126012176,457.4148643403905,456.8846187843826,458.33241985214505
4.559999999999991,-9.09970342940452,-0.7181770777580192,27.325638946628327,6.204669221856294,0.4397183099785442,0.0,-7.896627567551749,-1.0177835956671424,4.559707437429066,-0.05052840579902918,0.08097819275575605,0.0,478.3603291635496,477.35056932730913,478.7756294406783,478.5679391875924
4.57999999999999,-9.258494592560568,-0.738655607101762,27.416407835143072,6.20366310988981,0.44135766375894114,0.0,-7.982488748052952,-1.0300693387071405,4.517181414045568,-0.047543058417078524,0.0746869408483181,0.0,440.1868511155735,438.6271028775898,438.60654560249816,439.34831063171754
4.59999999999999,-9.419145952906426,-0.7594042436770005,27.506611943449347,6.2027138843805325,0.44285464061353785,0.0,-8.082647286532847,-1.0447943188167095,4.503229416581683,-0.04935173697560246,0.07214212744423254,0.0,468.51585137661453,467.9257912515283,469.35506200636263,468.9324046944969
4.6199999999999894,-9.581690164612876,-0.7804291408171399,27.596288393812497,6.201730352412222,0.4443393645072886,0.0,-8.1717738841122,-1.057695395197224,4.464415619733607,-0.04670493845626815,0.08129432334092691,0.0,443.5011836520337,445.7553113410358,443.86098808013884,444.51085147856065
4.639999999999989,-9.74607691994607,-0.8017226446768605,27.685298269946117,6.200805054539195,0.4459661658098524,0.0,-8.26690164920719,-1.0716549907748418,4.436571993628387,-0.050900387442775995,0.08264697684086976,0.0,456.757701331801,457.0864481296072,455.93603223430165,454.92779981938986
4.659999999999989,-9.912299539799848,-0.8232840986924956,27.77359520844039,6.199826659940882,0.44765137827354184,0.0,-8.355360336170733,-1.0844904107886733,4.393121855799082,-0.05980130318699007,0.07461293341655571,0.0,442.24283756002615,440.25809716182175,441.45632592956014,439.2450416273767
4.679999999999988,-10.080273845587676,-0.8450994106068367,27.860970095208938,6.198650325417386,0.44917313224576105,0.0,-8.442070242612038,-1.0970407806454263,4.34436682105563,-0.06607689722162421,0.0822934677583461,0.0,434.0467465222057,435.98129345365373,437.1804364007637,435.6058222085347
4.699999999999988,-10.250069981255493,-0.8671815246419645,27.947534788482344,6.197355406605464,0.45081915405101025,0.0,-8.53754332416953,-1.1111706228673606,4.312102506284676,-0.058780441573585654,0.0817412901018048,0.0,454.0614386746627,453.9338243131844,451.7392517701253,453.4982947461365
4.719999999999987,-10.421724161881057,-0.8895378342742793,28.033330843225258,6.196196269259163,0.4525193076430387,0.0,-8.627874738386922,-1.1244603403641307,4.2675029680066165,-0.06452003827905585,0.09317175728316136,0.0,439.30090359366955,442.14155495429094,442.4525093985467,441.02973189403036
4.739999999999987,-10.595300053246692,-0.9121808428192703,28.118453382637995,6.194923985055105,0.45438278774783125,0.0,-8.72971439817653,-1.1398405141349641,4.244750973267202,-0.05850064270748373,0.09347162101695426,0.0,464.29625165118046,464.3737699915676,463.300250517003,464.7154615334554
4.7599999999999865,-10.770851739602428,-0.935121061993872,28.20297739384862,6.193763464797781,0.4562543138915185,0.0,-8.82545423739693,-1.1541814033252145,4.207650147795544,-0.0628578429154466,0.09551794618563807,0.0,450.18861871467055,450.6924871767999,451.1245942907912,450.0652080832516
4.779999999999986,-10.948383290135805,-0.9583602182751122,28.28687282424607,6.192529130485092,0.45817579206447157,0.0,-8.927700815940902,-1.1697342247988003,4.18189289194952,-0.06961395801523274,0.10023371743540875,0.0,462.21874949402314,463.34002846318464,463.59706948443994,461.9985855190529
4.799999999999986,-11.128023752014311,-0.9819226098950525,28.37036277622671,6.191151567096091,0.4601918199696806,0.0,-9.036345371909672,-1.1865049371952343,4.167102306114475,-0.06418887344384401,0.09546851932817353,0.0,475.13370170393955,474.0440994283996,473.97727055869245,475.22345628832494
4.819999999999985,-11.309585085077485,-1.0057743933060803,28.453030015144723,6.1898824963909895,0.4621057013811187,0.0,-9.119787934407588,-1.1986734039075417,4.099621585686684,-0.06961229741320181,0.09847219203829846,0.0,420.6118754147543,421.40012317788404,421.50855948512594,420.0963584863506
4.839999999999985,-11.492889252888169,-1.0298834574105618,28.53447768269357,6.188505264735516,0.464075425543923,0.0,-9.210628846660807,-1.2122330065405904,4.045145169198122,-0.06413246296489573,0.09772343034222256,0.0,435.9924974912595,435.81325111240966,434.16869823870553,435.5424607311499
4.859999999999984,-11.677971002138817,-1.054256576651753,28.614738924324783,6.187228213129767,0.4660299609941774,0.0,-9.297546078403949,-1.2250789175785621,3.9809789939231273,-0.06747840186093913,0.09735779825992745,0.0,424.465581352385,424.3800776344801,426.8430569791898,425.98207186610256
4.879999999999984,-11.86491461647342,-1.0789101626804012,28.693942747865417,6.185879219557069,0.4679784415688193,0.0,-9.39681535505647,-1.2402796852862472,3.9394033601405507,-0.06855028293692444,0.09898544038489786,0.0,450.9089813492892,451.31135424779404,448.9445386357941,448.68010417045315
4.8999999999999835,-12.053982472903487,-1.103894725876156,28.772568622345,6.184555448427808,0.46996486989310604,0.0,-9.509970287950221,-1.2581766342892353,3.9231840878175417,-0.07826980241863796,0.09531951169242507,0.0,476.5475431275228,475.71360865426675,477.7335327537697,475.5011633582939
4.919999999999983,-12.245173424671192,-1.1292104768396305,28.850574344118655,6.182990169797511,0.47193825323185123,0.0,-9.60912488882024,-1.2733984620582224,3.8773880895481865,-0.0777852034577902,0.08374427045115623,0.0,450.1006218454783,447.28816576262324,446.41675546619484,446.5305560680319
4.939999999999983,-12.438569011686262,-1.1548745367939603,28.928075839088443,6.181512674519864,0.4736267303505448,0.0,-9.730433812686929,-1.2930075333747648,3.8727614074307084,-0.06527850193356965,0.0889580425349431,0.0,488.7869460948633,489.9565697791646,488.3893010255794,491.176390651225
4.959999999999982,-12.634240057064401,-1.180901725301577,29.005170895592986,6.180228694083876,0.47544910720644484,0.0,-9.83667072512708,-1.3097113173868902,3.8367442430236793,-0.07184959053208707,0.07966116077800367,0.0,460.22290883733524,458.01565642801694,461.4524085083962,459.8901455145505
4.979999999999982,-12.832006285495659,-1.2072571605457805,29.08146787293682,6.17879765528842,0.4770593519669344,0.0,-9.939952117998843,-1.3258322070334665,3.792953491359611,-0.06839907892206222,0.07382651512826138,0.0,453.4858582375432,452.08215362114174,452.4750729622786,453.30407077498603
4.999999999999981,-13.031865135105836,-1.2339406961803356,29.156921043473908,6.177448556312445,0.47853589876896674,0.0,-10.045932843018834,-1.3425213564220555,3.752363562349068,-0.07454441902093964,0.07400817121409946,0.0,457.5892603674725,457.63672694900623,457.0453765744116,455.5697686069965
5.019999999999981,-13.23382048836976,-1.2609534531896909,29.231498189595428,6.175973713406801,0.4800334841642453,0.0,-10.149602483373613,-1.3587543445134778,3.7053510498032045,-0.06887953159508235,0.07991104695343486,0.0,448.9788093558587,450.41793504256424,451.9314098438703,453.29537658545985
